"ca"	"year"	"edad.media"	"esperanza.vida"	"tasa.fecundidad"	"pib.capita"	"ratio.sexos"	"tasa.paro"	"tasa.suicidio"
"andalucía"	2002	37.98	78.496172	41.570191	6.51747153513937	97.2674835288001	20.15	8.97246909512582
"andalucía"	2003	38.12	78.377867	43.182628	7.28345005528936	97.6072599973295	18.35	9.7412226457003
"andalucía"	2004	38.3	78.890541	44.088025	6.65842094413522	97.7593245714903	15.99	9.05363733782477
"andalucía"	2005	38.45	78.920317	44.641158	6.48756603530474	98.2175368176407	13.8	8.87920824469518
"andalucía"	2006	38.62	79.630982	45.826059	6.17702220340008	98.5426825822663	12.22	9.11521938214109
"andalucía"	2007	38.8	79.662041	45.609909	5.17948717948717	98.4982333460913	13.96	8.79711434796942
"andalucía"	2008	38.94	79.932072	47.283156	0.899290319085533	98.5663516287717	21.66	10.0338688794009
"andalucía"	2009	39.09	80.304033	44.624129	-4.71409395973155	98.182210934852	26.27	9.03296345154592
"andalucía"	2010	39.32	80.757489	43.643069	-0.833943765143408	98.0771246621309	28.04	8.18303722087331
"andalucía"	2011	39.58	80.879209	42.622814	-1.59668162963804	98.0060021605522	31.01	7.72782665736953
"andalucía"	2012	39.89	80.907904	41.392778	-3.56854140200948	97.905824765206	35.71	9.24261995731353
"andalucía"	2013	40.15	81.494556	39.520905	-1.05988023952096	97.6814939692893	36.26	9.5731194388825
"aragón"	2002	42.99	80.382832	35.48223	7.31149187922084	98.1743751678562	6.54	9.69188033977433
"aragón"	2003	42.98	80.203573	37.332447	5.9655692515733	98.4400206491579	6.53	7.23524294970287
"aragón"	2004	43.02	80.444056	38.573644	5.69843918719939	98.7536384024431	5.56	8.56284971638561
"aragón"	2005	43.01	80.630121	38.618944	6.21314139772464	99.257158738159	5.76	8.0376540451858
"aragón"	2006	43.07	81.413076	40.28645	7.02575088532331	99.3519160065667	4.99	6.57549173327614
"aragón"	2007	43.05	81.391207	41.431031	6.78513071895424	99.5900926486049	5.12	7.78927316826758
"aragón"	2008	42.89	81.838171	43.384711	1.94713285643242	100.284974679819	9.71	7.53626071844681
"aragón"	2009	42.86	81.962222	41.522065	-4.72420262664165	100.322338585045	13.57	8.47285675743772
"aragón"	2010	43.01	82.181669	41.581956	0.834941514709953	99.8900459699845	16.29	7.05221235324903
"aragón"	2011	43.22	82.329026	40.95196	-1.46857790102722	99.4487464574441	16.8	6.61074520925237
"aragón"	2012	43.37	82.655561	39.413485	-3.75787846355096	99.163037270005	18.72	7.33622978553755
"aragón"	2013	43.58	83.07584	39.051789	0.794925655916634	98.940284687734	20.59	7.27461678358015
"asturias"	2002	44.16	79.520237	25.281259	6.17224218965995	92.1906568480955	10.12	12.5701718202819
"asturias"	2003	44.43	79.179055	26.9592	5.84597356942906	92.2259203912512	10.14	11.623787290272
"asturias"	2004	44.72	79.835453	27.660144	6.46411218402114	92.1843734003444	10.24	12.2001078452281
"asturias"	2005	44.93	79.904132	28.933048	8.49797804737147	92.1512530652893	9.3	11.5173666098539
"asturias"	2006	45.17	80.185956	29.726939	8.61508971833236	92.1145163045514	9.09	11.7931536564348
"asturias"	2007	45.4	80.372539	30.922574	6.66699348007256	92.087138338367	8	11.6293998671457
"asturias"	2008	45.56	80.703583	32.74912	2.65177627648328	92.2477115656042	10	10.4616261996152
"asturias"	2009	45.66	81.087879	33.132097	-5.48889684813754	92.2999505646089	14.13	10.7805386399383
"asturias"	2010	45.87	81.178466	31.847986	0.663192799621037	92.279838776889	16.61	13.7410648495261
"asturias"	2011	46.09	81.301727	32.471013	-1.67058823529412	92.1222704630886	18.84	11.095833791807
"asturias"	2012	46.34	81.517304	32.439162	-4.2833213687485	92.0633222804578	23.82	12.2521719759412
"asturias"	2013	46.62	82.192239	29.105376	-2.54	91.8334324080177	22.29	13.855537299949
"balears, illes"	2002	38.73	79.470068	45.090702	2.01354911554386	99.9411276026506	8.69	6.32519346367594
"balears, illes"	2003	38.76	79.775101	44.427204	1.06068990961077	100.239900404343	10.01	7.4945031513858
"balears, illes"	2004	38.79	80.265516	43.832915	3.63238112622069	100.219497315508	8.09	7.120083346858
"balears, illes"	2005	38.94	80.333329	43.005155	4.25803610744164	100.438949701217	7.5	7.12010912075807
"balears, illes"	2006	39.13	80.853682	44.52752	4.51493010094184	100.548117548777	6.34	6.792786061203
"balears, illes"	2007	39.2	81.258029	43.873474	3.05503919825427	100.884112291617	9.35	7.47101343812157
"balears, illes"	2008	39.22	81.194881	45.589769	0.843071131675943	101.492349502018	12.05	7.4568157159848
"balears, illes"	2009	39.34	81.153332	42.613284	-5.66551308472993	101.236711141974	19.45	9.49402332973656
"balears, illes"	2010	39.56	81.558538	42.356446	-0.7254740313273	100.791329684394	21.78	8.67954313054847
"balears, illes"	2011	39.85	81.929433	39.976644	-1.33698721142667	100.36721226489	25.49	7.81591103876153
"balears, illes"	2012	40.1	81.87255	39.0476	-1.64127598686979	100.132833227257	24.3	8.03974133472212
"balears, illes"	2013	40.23	82.62238	37.400635	-0.650350847167558	99.5569685013221	22.72	9.35526062496739
"canarias"	2002	36.99	78.593496	40.140315	4.27829822781789	100.320620772228	11.32	7.05082833673671
"canarias"	2003	37.23	78.605895	38.769043	4.29732204165714	100.576897224436	12.04	6.80786207799171
"canarias"	2004	37.5	78.769257	37.757104	3.02298787513029	100.604891494446	10.75	7.56966703905948
"canarias"	2005	37.84	79.100801	38.651094	4.35083608478006	100.834651293301	10.88	8.02731318714817
"canarias"	2006	38.17	79.607571	38.984052	4.22046440418475	100.699389303919	11.37	8.51774672530217
"canarias"	2007	38.42	79.779669	36.552688	3.64802663793948	100.498288894739	10.89	7.74944704980525
"canarias"	2008	38.67	79.797124	37.707053	0.0897623659469771	100.415704878499	20.99	8.81516478096001
"canarias"	2009	39.02	80.9093	34.447021	-5.56971585008968	100.121747533661	26.77	7.60459165243974
"canarias"	2010	39.43	81.385277	33.341237	0.42487253823853	99.8955476107577	28.78	7.36363469008302
"canarias"	2011	39.81	81.287095	31.766846	-1.48822856005176	99.6632487715668	30.33	6.67679470596007
"canarias"	2012	40.22	81.442221	31.388812	-3.42057396928054	99.4478883423845	32.6	8.92206364971884
"canarias"	2013	40.55	82.051241	29.028288	-0.784724038713047	99.2406267955767	33.09	8.73185602915779
"cantabria"	2002	41.95	80.106813	32.716257	6.11991301646473	95.2153299517969	10.58	5.3478401180213
"cantabria"	2003	42.11	80.386573	34.764927	4.268149882904	95.3543416222133	10.42	6.18530444432316
"cantabria"	2004	42.27	80.820055	35.95068	5.36807232298275	95.4311198159766	11.1	4.32600795985465
"cantabria"	2005	42.43	81.072637	37.213216	6.68265387689846	95.5775758924845	8.01	5.51298307514196
"cantabria"	2006	42.59	80.991319	36.913802	6.03426744592639	95.7436031727436	5.87	4.4007034084328
"cantabria"	2007	42.76	80.991028	37.826485	5.69557638856173	95.8098181109656	4.72	2.79317905674343
"cantabria"	2008	42.83	81.619273	41.271212	1.84524870743448	96.2247487941106	8.81	4.12273378477268
"cantabria"	2009	42.84	81.955401	39.563	-4.46389496717725	96.0848585690516	12.7	5.60048198087351
"cantabria"	2010	43.04	82.060731	39.727699	-0.348144754924407	95.9023415663587	14.67	3.37695230054875
"cantabria"	2011	43.29	82.419402	38.581296	-2.15592534706261	95.5887735821058	15.92	6.2381874861959
"cantabria"	2012	43.52	82.544889	37.1548	-3.70213765562603	95.4377316018456	19.19	6.06202461518773
"cantabria"	2013	43.79	82.965086	36.254864	-2.53695662779919	95.1847516034889	19.81	5.40642824318114
"castilla - la mancha"	2002	40.73	80.368954	39.669959	6.48789571694599	99.5449308046237	9.85	8.02452024030913
"castilla - la mancha"	2003	40.74	80.517177	40.826086	6.45635142697258	99.9483551273228	9.8	8.20583539534779
"castilla - la mancha"	2004	40.78	80.899246	40.831171	5.3157237663447	100.271559283222	10.2	9.2488375401121
"castilla - la mancha"	2005	40.76	80.829485	40.68046	6.94409782879959	100.771968790632	9.42	8.02251794114744
"castilla - la mancha"	2006	40.75	81.677456	42.481398	6.49320343037165	100.985340037487	8.05	7.29715085073911
"castilla - la mancha"	2007	40.71	81.422625	42.033441	5.85077243343923	101.429450427653	8.1	7.13092169944531
"castilla - la mancha"	2008	40.53	81.774684	45.408356	1.940792878584	102.293337716306	15.04	7.58651069453282
"castilla - la mancha"	2009	40.55	82.290876	43.699147	-4.10214753515764	102.138892530921	19.29	7.54331520535354
"castilla - la mancha"	2010	40.69	82.713486	43.11095	-0.656466726666305	101.917295982387	21.72	6.71949172049011
"castilla - la mancha"	2011	40.89	82.770256	42.014334	-1.75859312549961	101.703193177311	24.53	6.85470946904839
"castilla - la mancha"	2012	41.09	82.692698	40.548713	-3.07567127746136	101.654375427659	30.07	7.68183806119833
"castilla - la mancha"	2013	41.35	83.089404	38.714859	-1.05216028654578	101.237694413422	28.99	8.75774274892218
"castilla y león"	2002	43.85	80.797737	30.870637	6.40502558124474	97.413393779538	10.15	8.86964802414479
"castilla y león"	2003	44	80.938146	31.741006	5.99513085818624	97.5154608807362	11.02	9.6878735961628
"castilla y león"	2004	44.2	81.474683	32.266786	6.04651162790699	97.5130280518905	10.48	8.74126575131981
"castilla y león"	2005	44.35	81.291758	33.112517	6.37318605154862	97.6425516707743	8.53	7.60698871178633
"castilla y león"	2006	44.51	81.936483	33.744935	6.07279205904812	97.7502269054177	7.58	7.68919786604942
"castilla y león"	2007	44.65	81.87373	34.177085	5.96986275074383	97.9447051869713	6.94	8.58244506345275
"castilla y león"	2008	44.68	82.217544	36.39156	1.53518703016031	98.5516990788763	11.4	8.52451580359203
"castilla y león"	2009	44.82	82.66953	35.264281	-2.90798804692031	98.4916000839333	14.21	8.62095531887587
"castilla y león"	2010	45.04	82.898969	35.918061	0.266433919794218	98.3113225455292	15.78	8.43909881364243
"castilla y león"	2011	45.27	83.167159	35.417104	-0.710129655930736	98.208774147965	17.21	7.11364596634776
"castilla y león"	2012	45.55	83.163327	34.64432	-2.34403839055002	98.1480804117245	20.74	7.85521888960197
"castilla y león"	2013	45.85	83.480216	33.25134	-1.76242676242677	97.8703539385221	22.02	8.33374671362667
"cataluña"	2002	40.68	80.032189	41.254745	4.60787597492702	96.8420871111036	10.61	7.68469393401
"cataluña"	2003	40.62	79.987499	43.093147	4.50096057085354	97.5121203336421	9.72	7.01058717993313
"cataluña"	2004	40.65	80.628957	44.538552	5.01181826140242	97.6599583984868	9.32	7.11841027845607
"cataluña"	2005	40.61	80.469044	45.293711	5.06023091992831	98.3346616686103	6.63	6.07558948228258
"cataluña"	2006	40.62	81.283192	46.093322	6.43919857171196	98.6832325672774	6.56	5.3401006377706
"cataluña"	2007	40.7	81.336574	46.252534	4.83077381839869	98.5090569914865	6.5	5.22848043438826
"cataluña"	2008	40.67	81.626855	48.482721	0.739581851799187	98.8652057088076	11.75	5.77125880524351
"cataluña"	2009	40.7	81.893866	46.265154	-4.24961174643513	98.72689015872	16.9	5.88595690944455
"cataluña"	2010	40.85	82.263931	46.115366	0.23591860808021	98.3275279537344	17.86	5.56414803775261
"cataluña"	2011	41.04	82.566668	44.757066	-1.89393939393939	98.0242274168716	20.4	6.33984374274665
"cataluña"	2012	41.25	82.489613	43.141871	-1.98673014206995	97.7110057243137	23.81	6.94764749485795
"cataluña"	2013	41.5	82.973987	40.691949	-0.183577465866058	97.3091675434628	21.87	7.20181634044469
"extremadura"	2002	40.4	79.37852	37.93833	6.59847018707953	98.8930716889924	18.91	8.38730720842458
"extremadura"	2003	40.55	79.025246	38.419693	6.56177055416272	98.8663235885062	17.14	6.42515532114602
"extremadura"	2004	40.77	79.820227	37.941736	6.42544215479475	98.9126533994843	17.65	8.64886179118858
"extremadura"	2005	40.97	79.603133	38.020291	8.20246988870255	99.0032203931303	15.16	8.21124867259168
"extremadura"	2006	41.19	80.426847	38.272463	6.08707904748484	98.9617615439699	12.94	6.44345910658678
"extremadura"	2007	41.36	80.476176	37.523475	6.93319165891886	98.7951807228916	14.79	6.789053110579
"extremadura"	2008	41.52	81.030464	40.323	3.29772699043596	99.0281967974008	18.11	7.1054817881036
"extremadura"	2009	41.69	81.049456	38.840437	-2.57921000420849	98.6825505532927	21.21	6.62185575239702
"extremadura"	2010	41.9	81.205689	38.405307	1.09232288323871	98.6048405467992	23.95	7.31561929878434
"extremadura"	2011	42.09	81.736778	37.966228	-2.83865453879495	98.6322365323015	28.33	6.30990465734063
"extremadura"	2012	42.35	81.427613	36.428744	-4.00854486051772	98.6586734456065	33.97	6.85840109012481
"extremadura"	2013	42.63	81.848111	34.913722	0.36654012305275	98.5797283928411	32.4	6.70287426494832
"galicia"	2002	43.03	80.004643	28.850559	6.76860805037105	92.6844702667584	11.89	10.3749219141
"galicia"	2003	43.26	79.868101	30.554354	6.90817186183657	92.8279698242599	13.46	12.2496723121784
"galicia"	2004	43.54	80.632179	30.949206	7.30890464933018	92.916469728569	12.47	10.9415354863803
"galicia"	2005	43.79	80.511311	31.712168	8.11455847255371	92.9589694689817	9.14	11.9108043666674
"galicia"	2006	44.05	80.809416	32.305478	8.03192392596364	93.0300538387015	7.88	10.8400143955391
"galicia"	2007	44.28	80.888195	32.981778	7.25138845226867	93.1575324619228	7.46	10.9647026744136
"galicia"	2008	44.48	81.308332	35.30493	3.6932095749878	93.3583628318891	9.64	10.6315385308866
"galicia"	2009	44.66	81.457813	34.609459	-3.46744558560257	93.3021819775649	12.8	12.159841836222
"galicia"	2010	44.89	81.93459	34.277395	0.409956076134721	93.3274411135052	15.62	9.8296679395193
"galicia"	2011	45.13	82.107218	34.045773	-2.09487702926023	93.3436203816352	18.17	10.9464689052315
"galicia"	2012	45.38	82.235692	33.776708	-2.99856029389862	93.4053693235153	21.13	11.9360143347218
"galicia"	2013	45.65	82.602751	32.20862	0.194482829213372	93.3117978666749	21.88	12.0393067094731
"madrid"	2002	39.37	80.812551	40.939349	4.33611400764686	93.0043352323618	6.99	4.83069761786902
"madrid"	2003	39.35	80.625615	42.481153	4.45989839260432	93.3338854960929	7.16	4.8785247341204
"madrid"	2004	39.46	81.243223	43.229372	5.57703807056009	93.5028786276192	6.95	5.23701904052643
"madrid"	2005	39.42	81.499701	42.845801	6.10179731158436	93.8660295635356	5.9	4.30908514433675
"madrid"	2006	39.58	82.059673	44.047199	7.47330960854091	93.8418062873424	6.46	3.64502878823764
"madrid"	2007	39.66	82.07976	44.886619	4.69205298013247	93.8133044563724	6.4	2.61440530747297
"madrid"	2008	39.66	82.579478	46.60671	1.69212765284499	94.1094652396487	10.02	2.85411881234217
"madrid"	2009	39.75	82.925276	44.853758	-2.33266981836278	94.0103120904917	14.48	2.39551634493682
"madrid"	2010	39.93	83.39424	43.944886	-1.26425068466978	93.7074828911844	15.54	1.88892969527538
"madrid"	2011	40.18	83.625457	43.214827	0.116110304789552	93.3272879580653	17.96	2.1418621565316
"madrid"	2012	40.47	83.643808	42.056775	-1.21130118230728	92.9318452319985	19.32	1.46186232026787
"madrid"	2013	40.77	84.141818	40.574989	-1.12180009783139	92.641882279251	20.45	5.12658587393125
"murcia"	2002	37.23	78.958238	47.789706	5.95703125	100.89708345545	11.45	8.06850568829651
"murcia"	2003	37.25	79.106853	49.407958	5.69453587886768	101.645920547793	10.76	7.48485302112304
"murcia"	2004	37.37	79.541725	49.052822	4.89567113048894	101.465835300488	9.96	9.26859937560535
"murcia"	2005	37.46	79.709676	49.695709	6.13384003325217	102.778928960156	7.43	7.56105741013571
"murcia"	2006	37.56	80.26953	50.824978	6.11502741412107	103.527215314899	7.85	9.04907371054349
"murcia"	2007	37.74	80.303441	50.868574	5.04033321031265	102.994352506813	8.25	7.25513731963621
"murcia"	2008	37.83	80.434613	52.35331	2.16332881594139	102.828718123764	15.29	8.06389974398871
"murcia"	2009	37.98	80.895139	49.9896	-5.71877763584553	102.335675349799	21.84	6.70574896994165
"murcia"	2010	38.17	81.624755	48.835278	0.119854090672233	102.111696656676	24.45	6.15603917703332
"murcia"	2011	38.45	81.706004	47.464539	-2.95112684120127	101.797284238038	26.31	7.89078607874868
"murcia"	2012	38.76	81.718128	45.869746	-2.39193392684759	101.503986486671	29.37	7.18912624309149
"murcia"	2013	39.03	82.276459	44.724433	0.225274725274738	101.042737914278	28.5	6.92911716933336
"navarra"	2002	41.09	80.832514	41.253439	5.43660398436046	99.8638634704991	5.58	9.83097740981834
"navarra"	2003	41.09	80.908688	43.387682	4.77220554476425	99.921167004934	6.16	9.16621988550873
"navarra"	2004	41.18	81.460512	43.863358	5.48181856486747	99.7895276330401	5.14	10.0900580434864
"navarra"	2005	41.24	81.619054	42.463616	6.23152512582887	99.8996244337033	5.92	9.43599698048097
"navarra"	2006	41.31	82.024019	44.856934	5.98255245544106	99.9867090647501	4.59	6.81205700860978
"navarra"	2007	41.42	82.201241	44.473514	4.49175093134646	99.5994017381221	4.28	10.2331170074405
"navarra"	2008	41.36	82.290277	46.830959	2.29873348952496	100.060304100356	8.13	8.38199997743308
"navarra"	2009	41.36	82.89539	45.342737	-4.10249601699416	100.12504284463	10.51	9.35649515206683
"navarra"	2010	41.46	83.677534	44.979703	-0.484563200886057	99.9755102809724	11.77	6.12317953162387
"navarra"	2011	41.62	83.466985	44.969072	-0.761686143572615	99.7700648734423	13.8	7.94329422429059
"navarra"	2012	41.81	83.424704	45.225625	-3.84116636876599	99.4862478451811	17.17	7.44687122808215
"navarra"	2013	42.03	83.495476	41.484553	-0.138499107045231	99.1930000247262	16.44	8.06855791595356
"país vasco"	2002	41.83	80.159512	33.816374	5.66118861073954	95.923785768982	9.64	8.91721739179929
"país vasco"	2003	42.11	80.259133	36.160289	5.37595514762399	95.9594685112786	9.93	7.66971372083378
"país vasco"	2004	42.35	80.783054	36.94077	6.11859606968161	95.9651329978433	9.26	8.08403997770507
"país vasco"	2005	42.57	80.855976	37.329151	7.15672003881611	95.960974656029	6.45	8.00057980672482
"país vasco"	2006	42.77	81.485404	38.174609	7.74658516338389	95.7804621800548	6.92	6.93635983585198
"país vasco"	2007	42.95	81.340818	39.431008	5.96743127298196	95.5920424814965	5.9	8.35722222740982
"país vasco"	2008	43.1	81.741506	41.10152	3.25192504709342	95.7519406295317	8.48	7.92726571452943
"país vasco"	2009	43.25	81.979304	40.776743	-4.52901449924783	95.7332331317588	12.13	7.68814667326528
"país vasco"	2010	43.44	82.420672	41.921052	0.958830628939267	95.6068931270771	10.98	5.78422366766605
"país vasco"	2011	43.62	82.459487	42.53578	-0.903234376037731	95.4495434513042	13.16	7.87327325842738
"país vasco"	2012	43.8	82.751034	42.017006	-2.04074793914616	95.3487937077731	16.6	8.2075862719912
"país vasco"	2013	44.04	83.133078	40.010207	-1.48804433345877	95.1742574821717	16.58	8.25849735499949
"rioja, la"	2002	41.94	80.48261	36.941706	3.98541149109359	99.9616569862391	5.65	12.0732634030979
"rioja, la"	2003	41.9	80.598079	40.288363	5.92182178620446	100.418424631263	6.75	9.74285813702634
"rioja, la"	2004	41.89	81.345509	40.40499	3.67117765620502	100.597926731767	4.68	9.19765766318178
"rioja, la"	2005	41.82	80.969422	41.025176	5.56867101791418	101.590851266119	6.69	8.96759708254175
"rioja, la"	2006	41.84	81.875004	41.18829	6.71753047443655	101.801463565646	6.88	9.13906722763132
"rioja, la"	2007	41.91	81.486702	43.112041	4.74155641383844	101.682822546428	5.88	6.14950415577018
"rioja, la"	2008	41.77	81.927706	45.783235	1.93786285893613	102.025337397158	9.8	8.81886986182721
"rioja, la"	2009	41.83	82.516607	43.501902	-4.32925421380743	101.657378909164	13.76	8.39286047335733
"rioja, la"	2010	42.03	82.94618	44.473848	0.768271590040626	100.842827865023	15.58	5.27270753531939
"rioja, la"	2011	42.18	82.847579	42.13205	-1.60865399968065	100.129513611323	18.61	7.12173522626991
"rioja, la"	2012	42.39	82.66037	42.999799	-2.98592234979107	99.7154935662048	18.82	9.27044674282854
"rioja, la"	2013	42.67	83.605425	40.095518	0.00418182578514337	98.9442014480935	20.24	7.45279122558046
"valencia"	2002	40.01	79.011507	40.070869	4.59267359212685	97.5318494237314	10.71	6.93367798335363
"valencia"	2003	40.07	79.037621	41.832204	3.71725620026717	98.0129546586946	10.68	8.09683094063032
"valencia"	2004	40.07	79.797238	42.354757	4.4968359746878	98.2683771097608	10.11	7.8797280569383
"valencia"	2005	40.18	79.649656	42.790887	4.89817792068596	98.8186000476238	8.13	8.2686034520567
"valencia"	2006	40.3	80.438209	43.781321	6.11014611218963	99.2417312270036	8.48	7.55163194302866
"valencia"	2007	40.47	80.482982	44.172658	4.04429465575349	99.1558857451301	8.94	8.10640018718415
"valencia"	2008	40.5	80.852117	45.803698	1.24016658954189	99.4948769776548	14.58	7.37633064730184
"valencia"	2009	40.68	81.274595	42.290874	-5.74549776030716	99.2616094403227	22.09	7.47839656111528
"valencia"	2010	40.95	81.55327	42.240099	-0.533436787740649	98.9953117402697	22.57	7.82517617406009
"valencia"	2011	41.26	81.755724	40.82678	-1.88679245283019	98.694188498142	24.83	6.48793576161917
"valencia"	2012	41.58	81.856245	39.816243	-3.85112303716955	98.5884650438157	27.62	7.9153625489495
"valencia"	2013	41.91	82.366958	37.766182	-0.232570158664536	98.2655210221783	27.15	7.80239410303267
